  -3.0000000e-01   5.1000000e-01
  -2.9000000e-01  -4.0000000e-01
  -2.8000000e-01  -2.8000000e-01
  -2.7000000e-01   2.1000000e-01
  -2.6000000e-01   3.3000000e-01
  -2.5000000e-01  -5.8000000e-01
  -2.4000000e-01   7.0000000e-01
  -2.3000000e-01  -4.0000000e-01
  -2.2000000e-01   9.0000000e-02
  -2.1000000e-01  -1.6000000e-01
  -2.0000000e-01   9.0000000e-02
  -1.9000000e-01  -3.0000000e-02
  -1.8000000e-01   1.5000000e-01
  -1.7000000e-01  -3.0000000e-02
  -1.6000000e-01   9.0000000e-02
  -1.5000000e-01   9.0000000e-02
  -1.4000000e-01  -3.4000000e-01
  -1.3000000e-01   7.0000000e-01
  -1.2000000e-01   1.5000000e-01
  -1.1000000e-01  -1.0000000e-01
  -1.0000000e-01   1.5000000e-01
  -9.0000000e-02   3.9000000e-01
  -8.0000000e-02   5.1000000e-01
  -7.0000000e-02   5.1000000e-01
  -6.0000000e-02   1.7790000e+01
  -5.0000000e-02  -5.5210000e+01
  -4.0000000e-02   1.7360000e+01
  -3.0000000e-02  -6.5000000e+00
  -2.0000000e-02   1.3820000e+01
  -1.0000000e-02   2.6500000e+00
   0.0000000e+00   2.2800000e+00
   0.0000000e+00   2.2800000e+00
   0.0000000e+00   2.2800000e+00
   0.0000000e+00   2.2800000e+00
   0.0000000e+00   2.2800000e+00
   0.0000000e+00   2.2800000e+00
   0.0000000e+00   2.2800000e+00
   0.0000000e+00   2.2800000e+00
   0.0000000e+00   2.2800000e+00
   0.0000000e+00   2.2800000e+00
   0.0000000e+00   2.2800000e+00
   0.0000000e+00   2.2800000e+00
   0.0000000e+00   2.2800000e+00
   0.0000000e+00   2.2800000e+00
   0.0000000e+00   2.2800000e+00
   0.0000000e+00   2.2800000e+00
   0.0000000e+00   2.2800000e+00
   0.0000000e+00   2.2800000e+00
   0.0000000e+00   2.2800000e+00
   0.0000000e+00   2.2800000e+00
   0.0000000e+00   2.2800000e+00
   0.0000000e+00   2.2800000e+00
   0.0000000e+00   2.2800000e+00
   0.0000000e+00   2.2800000e+00
   0.0000000e+00   2.2800000e+00
   0.0000000e+00   2.2800000e+00
   0.0000000e+00   2.2800000e+00
   0.0000000e+00   2.2800000e+00
   0.0000000e+00   2.2800000e+00
   0.0000000e+00   2.2800000e+00
   0.0000000e+00   2.2800000e+00
   0.0000000e+00   2.2800000e+00
   0.0000000e+00   2.2800000e+00
   0.0000000e+00   2.2800000e+00
   0.0000000e+00   2.2800000e+00
   0.0000000e+00   2.2800000e+00
   0.0000000e+00   2.2800000e+00
   1.0000000e-02   7.4100000e+00
   1.0000000e-02   7.4100000e+00
   2.0000000e-02  -3.5100000e+00
   2.0000000e-02  -3.5100000e+00
   3.0000000e-02   9.3600000e+00
   4.0000000e-02   1.0650000e+01
   5.0000000e-02  -3.1500000e+00
   6.0000000e-02   8.3900000e+00
   7.0000000e-02   1.4980000e+01
   8.0000000e-02   3.0200000e+00
   9.0000000e-02   1.1440000e+01
   1.0000000e-01  -5.9600000e+00
   1.1000000e-01   1.5650000e+01
   1.2000000e-01   6.3700000e+00
   1.3000000e-01   1.4300000e+00
   1.4000000e-01  -1.1300000e+00
   1.5000000e-01  -4.5500000e+00
   1.6000000e-01   6.5600000e+00
   1.7000000e-01  -1.4380000e+01
   1.8000000e-01   3.9000000e-01
   1.9000000e-01   4.7300000e+00
   2.0000000e-01  -5.3400000e+00
   2.1000000e-01  -3.4500000e+00
   2.2000000e-01  -8.4600000e+00
   2.3000000e-01   2.2850000e+01
   2.4000000e-01  -3.7600000e+00
   2.5000000e-01  -6.2600000e+00
   2.6000000e-01   1.6570000e+01
   2.7000000e-01   2.5300000e+00
   2.8000000e-01  -9.5000000e-01
   2.9000000e-01   1.0280000e+01
   3.0000000e-01   1.3820000e+01
   3.1000000e-01  -4.6700000e+00
   3.2000000e-01  -5.7700000e+00
   3.3000000e-01   1.3580000e+01
   3.4000000e-01  -1.2490000e+01
   3.4000000e-01  -1.2490000e+01
   3.5000000e-01   1.9800000e+00
   3.6000000e-01  -1.4400000e+00
   3.7000000e-01   3.2600000e+00
   3.8000000e-01   3.3200000e+00
   3.9000000e-01   2.7100000e+00
   4.0000000e-01   6.7400000e+00
   4.1000000e-01   2.3500000e+00
   4.2000000e-01   2.2200000e+00
   4.3000000e-01   5.8000000e-01
   4.4000000e-01   1.3700000e+00
   4.5000000e-01   2.1600000e+00
   4.6000000e-01   3.2000000e+00
   4.7000000e-01   4.3000000e+00
   4.8000000e-01   4.1800000e+00
   4.9000000e-01   4.0500000e+00
   5.0000000e-01   2.4700000e+00
   5.1000000e-01   2.7700000e+00
   5.2000000e-01   2.2800000e+00
   5.3000000e-01   2.8300000e+00
   5.4000000e-01   3.8700000e+00
   5.5000000e-01   4.7300000e+00
   5.6000000e-01   5.5800000e+00
   5.7000000e-01   4.3000000e+00
   5.8000000e-01   4.1800000e+00
   5.9000000e-01   3.4400000e+00
   6.0000000e-01   3.2600000e+00
   6.1000000e-01   4.0500000e+00
   6.2000000e-01   3.9300000e+00
   6.3000000e-01   5.2800000e+00
   6.4000000e-01   6.5000000e+00
   6.5000000e-01   3.3800000e+00
   6.6000000e-01   5.0900000e+00
   6.6000000e-01   5.0900000e+00
   6.7000000e-01   5.1500000e+00
   6.8000000e-01   3.5100000e+00
   6.9000000e-01   4.7900000e+00
   7.0000000e-01   6.2500000e+00
   7.1000000e-01   4.7300000e+00
   7.2000000e-01   6.3100000e+00
   7.3000000e-01   5.7600000e+00
   7.4000000e-01   5.7000000e+00
   7.5000000e-01   4.1800000e+00
   7.6000000e-01   5.0300000e+00
   7.7000000e-01   6.5000000e+00
   7.8000000e-01   5.2100000e+00
   7.9000000e-01   6.4300000e+00
   8.0000000e-01   6.9200000e+00
   8.1000000e-01   5.6400000e+00
   8.2000000e-01   5.0300000e+00
   8.3000000e-01   6.6200000e+00
   8.4000000e-01   5.9500000e+00
   8.5000000e-01   6.1900000e+00
   8.6000000e-01   6.3100000e+00
   8.7000000e-01   7.4100000e+00
   8.8000000e-01   6.5000000e+00
   8.8000000e-01   6.5000000e+00
   8.8000000e-01   6.5000000e+00
   8.9000000e-01   6.3700000e+00
   9.0000000e-01   6.9200000e+00
   9.1000000e-01   6.1300000e+00
   9.2000000e-01   6.1300000e+00
   9.3000000e-01   6.6800000e+00
   9.4000000e-01   7.2300000e+00
   9.5000000e-01   7.2900000e+00
   9.6000000e-01   7.4700000e+00
   9.7000000e-01   8.1400000e+00
   9.8000000e-01   6.6200000e+00
   9.8000000e-01   6.6200000e+00
   9.9000000e-01   6.8600000e+00
   1.0000000e+00   7.4100000e+00
   1.0100000e+00   7.1700000e+00
   1.0200000e+00   7.9600000e+00
   1.0300000e+00   8.3300000e+00
   1.0400000e+00   8.3300000e+00
   1.0500000e+00   7.9600000e+00
   1.0600000e+00   7.5900000e+00
   1.0700000e+00   7.5300000e+00
   1.0800000e+00   7.2900000e+00
   1.0900000e+00   8.2000000e+00
   1.1000000e+00   9.0000000e+00
   1.1100000e+00   8.2700000e+00
   1.1200000e+00   9.0600000e+00
   1.1300000e+00   8.4500000e+00
   1.1400000e+00   8.2000000e+00
   1.1500000e+00   8.0200000e+00
   1.1600000e+00   7.5900000e+00
   1.1700000e+00   8.7500000e+00
   1.1800000e+00   8.2700000e+00
   1.1900000e+00   8.8200000e+00
   1.2000000e+00   9.4300000e+00
   1.2100000e+00   8.4500000e+00
   1.2200000e+00   8.4500000e+00
   1.2300000e+00   8.5100000e+00
   1.2400000e+00   8.0200000e+00
   1.2500000e+00   8.6900000e+00
   1.2600000e+00   8.8800000e+00
   1.2700000e+00   9.6700000e+00
   1.2800000e+00   8.7500000e+00
   1.2900000e+00   8.8800000e+00
   1.3000000e+00   9.1200000e+00
   1.3000000e+00   9.1200000e+00
   1.3100000e+00   8.2700000e+00
   1.3200000e+00   8.8800000e+00
   1.3300000e+00   9.1200000e+00
   1.3400000e+00   8.9400000e+00
   1.3500000e+00   9.2400000e+00
   1.3600000e+00   9.0600000e+00
   1.3700000e+00   9.1200000e+00
   1.3800000e+00   8.2000000e+00
   1.3900000e+00   8.7500000e+00
   1.4000000e+00   9.0000000e+00
   1.4100000e+00   8.1400000e+00
   1.4200000e+00   8.6300000e+00
   1.4300000e+00   9.1200000e+00
   1.4400000e+00   8.3300000e+00
   1.4500000e+00   7.9000000e+00
   1.4600000e+00   8.2700000e+00
   1.4700000e+00   7.9600000e+00
   1.4800000e+00   7.3500000e+00
   1.4900000e+00   8.6900000e+00
   1.5000000e+00   8.2700000e+00
   1.5100000e+00   8.1400000e+00
   1.5200000e+00   8.3900000e+00
   1.5300000e+00   7.6600000e+00
   1.5400000e+00   8.0200000e+00
   1.5500000e+00   7.1700000e+00
   1.5600000e+00   7.9000000e+00
   1.5700000e+00   8.2700000e+00
   1.5800000e+00   8.0800000e+00
   1.5900000e+00   8.4500000e+00
   1.6000000e+00   8.1400000e+00
   1.6100000e+00   7.8400000e+00
   1.6200000e+00   7.5900000e+00
   1.6200000e+00   7.5900000e+00
   1.6300000e+00   8.1400000e+00
   1.6400000e+00   8.3300000e+00
   1.6500000e+00   7.9600000e+00
   1.6600000e+00   8.7500000e+00
   1.6700000e+00   9.0000000e+00
   1.6800000e+00   8.3300000e+00
   1.6900000e+00   8.2000000e+00
   1.7000000e+00   8.8200000e+00
   1.7100000e+00   8.2000000e+00
   1.7200000e+00   8.7500000e+00
   1.7300000e+00   8.6300000e+00
   1.7400000e+00   8.8200000e+00
   1.7500000e+00   8.3900000e+00
   1.7600000e+00   8.8200000e+00
   1.7700000e+00   9.1800000e+00
   1.7800000e+00   7.9600000e+00
   1.7900000e+00   9.0000000e+00
   1.8000000e+00   7.3500000e+00
   1.8100000e+00   8.9400000e+00
   1.8200000e+00   8.2700000e+00
   1.8300000e+00   7.0500000e+00
   1.8400000e+00   8.3300000e+00
   1.8500000e+00   7.9600000e+00
   1.8600000e+00   6.9200000e+00
   1.8700000e+00   8.0200000e+00
   1.8800000e+00   7.2300000e+00
   1.8800000e+00   7.2300000e+00
   1.8800000e+00   7.2300000e+00
   1.8900000e+00   7.1100000e+00
   1.9000000e+00   6.9200000e+00
   1.9100000e+00   6.8600000e+00
   1.9200000e+00   6.4300000e+00
   1.9300000e+00   5.2800000e+00
   1.9400000e+00   6.6800000e+00
   1.9400000e+00   6.6800000e+00
   1.9500000e+00   5.8200000e+00
   1.9600000e+00   3.5700000e+00
   1.9700000e+00   5.5800000e+00
   1.9800000e+00   3.9300000e+00
   1.9900000e+00   3.0800000e+00
   2.0000000e+00   4.6000000e+00
   2.0100000e+00   4.1800000e+00
   2.0200000e+00   3.2600000e+00
   2.0300000e+00   1.8600000e+00
   2.0400000e+00   2.0400000e+00
   2.0500000e+00   2.6500000e+00
   2.0600000e+00   1.3100000e+00
   2.0700000e+00  -2.2000000e-01
   2.0800000e+00   8.8000000e-01
   2.0900000e+00  -6.5000000e-01
   2.1000000e+00  -1.7400000e+00
   2.1100000e+00  -1.1900000e+00
   2.1200000e+00  -1.9900000e+00
   2.1300000e+00  -3.4500000e+00
   2.1400000e+00  -1.9300000e+00
   2.1500000e+00  -5.5300000e+00
   2.1600000e+00  -5.6500000e+00
   2.1700000e+00  -5.7100000e+00
   2.1800000e+00  -6.2600000e+00
   2.1900000e+00  -5.9600000e+00
   2.2000000e+00  -6.6300000e+00
   2.2100000e+00  -6.3800000e+00
   2.2200000e+00  -7.3600000e+00
   2.2300000e+00  -8.5800000e+00
   2.2400000e+00  -7.7900000e+00
   2.2500000e+00  -8.7600000e+00
   2.2600000e+00  -1.1690000e+01
   2.2600000e+00  -1.1690000e+01
   2.2700000e+00  -7.8500000e+00
   2.2800000e+00  -1.0720000e+01
   2.2900000e+00  -1.1080000e+01
   2.3000000e+00  -1.1020000e+01
   2.3100000e+00  -9.4300000e+00
   2.3200000e+00  -1.1570000e+01
   2.3300000e+00  -1.3580000e+01
   2.3400000e+00  -9.5600000e+00
   2.3500000e+00  -1.2300000e+01
   2.3600000e+00  -1.3220000e+01
   2.3700000e+00  -1.1390000e+01
   2.3800000e+00  -1.4190000e+01
   2.3900000e+00  -1.1450000e+01
   2.4000000e+00  -1.1750000e+01
   2.4100000e+00  -1.3580000e+01
   2.4200000e+00  -1.2670000e+01
   2.4300000e+00  -1.2730000e+01
   2.4400000e+00  -1.1270000e+01
   2.4500000e+00  -1.3460000e+01
   2.4600000e+00  -1.3220000e+01
   2.4700000e+00  -1.1750000e+01
   2.4800000e+00  -1.4870000e+01
   2.4900000e+00  -1.2300000e+01
   2.5000000e+00  -1.1690000e+01
   2.5100000e+00  -1.3520000e+01
   2.5200000e+00  -1.4260000e+01
   2.5300000e+00  -1.3040000e+01
   2.5400000e+00  -1.4380000e+01
   2.5500000e+00  -1.3520000e+01
   2.5600000e+00  -1.4500000e+01
   2.5700000e+00  -1.4010000e+01
   2.5800000e+00  -1.2910000e+01
   2.5800000e+00  -1.2910000e+01
   2.5900000e+00  -1.5290000e+01
   2.6000000e+00  -1.3890000e+01
   2.6100000e+00  -1.4680000e+01
   2.6200000e+00  -1.4320000e+01
   2.6300000e+00  -1.4010000e+01
   2.6400000e+00  -1.4440000e+01
   2.6500000e+00  -1.6210000e+01
   2.6600000e+00  -1.6150000e+01
   2.6700000e+00  -1.4990000e+01
   2.6800000e+00  -1.6210000e+01
   2.6900000e+00  -1.7800000e+01
   2.7000000e+00  -1.5600000e+01
   2.7100000e+00  -1.6640000e+01
   2.7200000e+00  -1.8040000e+01
   2.7300000e+00  -1.7060000e+01
   2.7400000e+00  -1.8350000e+01
   2.7500000e+00  -1.8410000e+01
   2.7600000e+00  -1.9200000e+01
   2.7700000e+00  -1.8350000e+01
   2.7800000e+00  -1.7980000e+01
   2.7900000e+00  -1.7920000e+01
   2.8000000e+00  -1.8590000e+01
   2.8100000e+00  -1.8470000e+01
   2.8200000e+00  -1.8530000e+01
   2.8300000e+00  -2.0730000e+01
   2.8400000e+00  -1.9260000e+01
   2.8500000e+00  -1.8160000e+01
   2.8600000e+00  -1.8220000e+01
   2.8700000e+00  -2.0420000e+01
   2.8800000e+00  -1.8220000e+01
   2.8800000e+00  -1.8220000e+01
   2.8800000e+00  -1.8220000e+01
   2.8900000e+00  -1.9870000e+01
   2.9000000e+00  -2.1030000e+01
   2.9000000e+00  -2.1030000e+01
   2.9100000e+00  -1.9140000e+01
   2.9200000e+00  -1.7980000e+01
   2.9300000e+00  -2.3350000e+01
   2.9400000e+00  -1.8470000e+01
   2.9500000e+00  -1.9380000e+01
   2.9600000e+00  -2.0120000e+01
   2.9700000e+00  -2.1400000e+01
   2.9800000e+00  -1.8960000e+01
   2.9900000e+00  -1.8710000e+01
   3.0000000e+00  -1.9570000e+01
   3.0100000e+00  -1.8590000e+01
   3.0200000e+00  -2.0850000e+01
   3.0300000e+00  -2.0660000e+01
   3.0400000e+00  -1.9870000e+01
   3.0500000e+00  -1.8590000e+01
   3.0600000e+00  -2.2070000e+01
   3.0700000e+00  -1.8470000e+01
   3.0800000e+00  -2.2430000e+01
   3.0900000e+00  -1.9630000e+01
   3.1000000e+00  -1.9930000e+01
   3.1100000e+00  -2.1340000e+01
   3.1200000e+00  -2.4690000e+01
   3.1300000e+00  -2.3720000e+01
   3.1400000e+00  -2.4390000e+01
   3.1500000e+00  -2.4570000e+01
   3.1600000e+00  -2.9760000e+01
   3.1700000e+00  -2.4630000e+01
   3.1800000e+00  -3.0000000e+01
   3.1900000e+00  -3.2510000e+01
   3.2000000e+00  -2.4330000e+01
   3.2100000e+00  -3.1100000e+01
   3.2200000e+00  -3.2080000e+01
   3.2200000e+00  -3.2080000e+01
   3.2300000e+00  -2.9390000e+01
   3.2400000e+00  -3.1040000e+01
   3.2500000e+00  -3.3540000e+01
   3.2600000e+00  -3.5860000e+01
   3.2700000e+00  -3.0550000e+01
   3.2800000e+00  -2.8600000e+01
   3.2900000e+00  -2.7930000e+01
   3.3000000e+00  -3.1160000e+01
   3.3100000e+00  -2.9450000e+01
   3.3200000e+00  -3.2750000e+01
   3.3300000e+00  -3.2320000e+01
   3.3400000e+00  -3.1100000e+01
   3.3500000e+00  -3.2570000e+01
   3.3600000e+00  -3.3540000e+01
   3.3700000e+00  -3.3600000e+01
   3.3800000e+00  -3.4950000e+01
   3.3900000e+00  -2.9700000e+01
   3.4000000e+00  -3.3970000e+01
   3.4100000e+00  -3.5310000e+01
   3.4200000e+00  -3.5500000e+01
   3.4300000e+00  -2.9880000e+01
   3.4400000e+00  -3.4340000e+01
   3.4500000e+00  -3.5310000e+01
   3.4600000e+00  -3.4580000e+01
   3.4700000e+00  -3.4580000e+01
   3.4800000e+00  -3.0370000e+01
   3.4900000e+00  -3.6350000e+01
   3.5000000e+00  -4.2030000e+01
   3.5100000e+00  -3.4580000e+01
   3.5200000e+00  -3.9650000e+01
   3.5300000e+00  -5.3200000e+01
   3.5400000e+00  -4.8800000e+01
   3.5400000e+00  -4.8800000e+01
   3.5500000e+00  -5.0940000e+01
   3.5600000e+00  -5.0940000e+01
   3.5700000e+00  -5.8630000e+01
   3.5800000e+00  -5.3990000e+01
   3.5900000e+00  -5.8320000e+01
   3.6000000e+00  -7.0040000e+01
   3.6100000e+00  -5.4780000e+01
   3.6200000e+00  -6.5950000e+01
   3.6300000e+00  -6.9740000e+01
   3.6400000e+00  -6.9430000e+01
   3.6500000e+00  -7.2970000e+01
   3.6600000e+00  -7.0840000e+01
   3.6700000e+00  -7.9810000e+01
   3.6800000e+00  -7.7240000e+01
   3.6900000e+00  -7.9690000e+01
   3.7000000e+00  -7.9140000e+01
   3.7100000e+00  -8.5910000e+01
   3.7200000e+00  -8.4080000e+01
   3.7300000e+00  -8.3350000e+01
   3.7400000e+00  -8.8290000e+01
   3.7500000e+00  -8.7190000e+01
   3.7600000e+00  -8.8110000e+01
   3.7700000e+00  -8.5180000e+01
   3.7800000e+00  -9.1770000e+01
   3.7900000e+00  -8.8540000e+01
   3.8000000e+00  -9.5010000e+01
   3.8100000e+00  -9.2500000e+01
   3.8200000e+00  -9.2750000e+01
   3.8300000e+00  -9.2320000e+01
   3.8400000e+00  -9.7320000e+01
   3.8500000e+00  -9.4820000e+01
   3.8600000e+00  -9.9160000e+01
   3.8600000e+00  -9.9160000e+01
   3.8700000e+00  -9.7260000e+01
   3.8800000e+00  -9.7510000e+01
   3.8800000e+00  -9.7510000e+01
   3.8800000e+00  -9.7510000e+01
   3.8900000e+00  -9.4880000e+01
   3.9000000e+00  -9.3050000e+01
   3.9100000e+00  -9.2140000e+01
   3.9200000e+00  -9.5250000e+01
   3.9300000e+00  -8.9270000e+01
   3.9400000e+00  -9.3420000e+01
   3.9500000e+00  -8.4080000e+01
   3.9600000e+00  -8.8170000e+01
   3.9700000e+00  -8.9760000e+01
   3.9800000e+00  -7.8770000e+01
   3.9900000e+00  -8.2920000e+01
   4.0000000e+00  -7.7180000e+01
   4.0100000e+00  -7.6570000e+01
   4.0200000e+00  -8.1700000e+01
   4.0300000e+00  -7.8400000e+01
   4.0400000e+00  -7.6080000e+01
   4.0500000e+00  -8.5420000e+01
   4.0600000e+00  -8.4750000e+01
   4.0700000e+00  -8.1390000e+01
   4.0800000e+00  -7.6330000e+01
   4.0900000e+00  -5.1490000e+01
   4.1000000e+00  -6.3270000e+01
   4.1100000e+00  -7.6150000e+01
   4.1200000e+00  -3.5440000e+01
   4.1300000e+00  -3.6290000e+01
   4.1400000e+00  -5.1850000e+01
   4.1500000e+00  -9.3110000e+01
   4.1600000e+00  -1.1750000e+01
   4.1700000e+00  -7.6150000e+01
   4.1800000e+00  -8.6340000e+01
   4.1800000e+00  -8.6340000e+01
   4.1900000e+00  -8.9760000e+01
   4.2000000e+00  -2.0188000e+02
   4.2100000e+00  -1.5635000e+02
   4.2200000e+00  -1.8662000e+02
   4.2300000e+00  -3.3909000e+02
   4.2400000e+00  -1.6465000e+02
   4.2500000e+00   1.6037000e+02
   4.2600000e+00  -4.0561000e+02
   4.2700000e+00   2.0834000e+02
   4.2800000e+00  -1.2577000e+02
   4.2900000e+00   4.8849000e+02
   4.3000000e+00  -3.1590000e+01
   4.3100000e+00   2.8048000e+02
   4.3200000e+00  -1.2772000e+02
   4.3300000e+00   8.0350000e+01
   4.3400000e+00  -2.1732000e+02
   4.3500000e+00   2.5363000e+02
   4.3600000e+00  -1.5165000e+02
   4.3700000e+00   2.4130000e+02
   4.3800000e+00   3.4097000e+02
   4.3900000e+00   3.7942000e+02
   4.4000000e+00   3.3645000e+02
   4.4100000e+00   3.2840000e+02
   4.4100000e+00   3.2840000e+02
   4.4200000e+00   2.1908000e+02
   4.4300000e+00   2.4874000e+02
   4.4400000e+00   2.9080000e+02
   4.4500000e+00   2.4533000e+02
