  -3.0000000e-01   1.8000000e-01
  -2.9000000e-01  -6.0000000e-02
  -2.8000000e-01   1.2000000e-01
  -2.7000000e-01  -2.5000000e-01
  -2.6000000e-01  -6.0000000e-02
  -2.5000000e-01  -1.3000000e-01
  -2.4000000e-01  -0.0000000e+00
  -2.3000000e-01  -1.3000000e-01
  -2.2000000e-01   6.0000000e-02
  -2.1000000e-01   1.8000000e-01
  -2.0000000e-01   1.8000000e-01
  -1.9000000e-01   2.4000000e-01
  -1.8000000e-01  -0.0000000e+00
  -1.7000000e-01  -0.0000000e+00
  -1.6000000e-01  -1.3000000e-01
  -1.5000000e-01  -0.0000000e+00
  -1.4000000e-01  -1.3000000e-01
  -1.3000000e-01   6.0000000e-02
  -1.2000000e-01   1.2000000e-01
  -1.1000000e-01  -1.3000000e-01
  -1.0000000e-01   1.8000000e-01
  -9.0000000e-02  -0.0000000e+00
  -8.0000000e-02  -3.1000000e-01
  -7.0000000e-02  -4.3000000e-01
  -6.0000000e-02   4.0900000e+00
  -5.0000000e-02  -1.3190000e+01
  -4.0000000e-02   2.6200000e+00
  -3.0000000e-02  -4.1500000e+00
  -2.0000000e-02   3.0000000e-01
  -1.0000000e-02   3.1100000e+00
   0.0000000e+00   2.6200000e+00
   0.0000000e+00   2.6200000e+00
   0.0000000e+00   2.6200000e+00
   0.0000000e+00   2.6200000e+00
   0.0000000e+00   2.6200000e+00
   0.0000000e+00   2.6200000e+00
   0.0000000e+00   2.6200000e+00
   0.0000000e+00   2.6200000e+00
   0.0000000e+00   2.6200000e+00
   0.0000000e+00   2.6200000e+00
   0.0000000e+00   2.6200000e+00
   0.0000000e+00   2.6200000e+00
   0.0000000e+00   2.6200000e+00
   0.0000000e+00   2.6200000e+00
   0.0000000e+00   2.6200000e+00
   0.0000000e+00   2.6200000e+00
   0.0000000e+00   2.6200000e+00
   0.0000000e+00   2.6200000e+00
   0.0000000e+00   2.6200000e+00
   0.0000000e+00   2.6200000e+00
   0.0000000e+00   2.6200000e+00
   0.0000000e+00   2.6200000e+00
   0.0000000e+00   2.6200000e+00
   0.0000000e+00   2.6200000e+00
   0.0000000e+00   2.6200000e+00
   0.0000000e+00   2.6200000e+00
   0.0000000e+00   2.6200000e+00
   0.0000000e+00   2.6200000e+00
   0.0000000e+00   2.6200000e+00
   0.0000000e+00   2.6200000e+00
   0.0000000e+00   2.6200000e+00
   0.0000000e+00   2.6200000e+00
   0.0000000e+00   2.6200000e+00
   0.0000000e+00   2.6200000e+00
   0.0000000e+00   2.6200000e+00
   0.0000000e+00   2.6200000e+00
   0.0000000e+00   2.6200000e+00
   1.0000000e-02   2.1300000e+00
   1.0000000e-02   2.1300000e+00
   2.0000000e-02   5.5000000e-01
   2.0000000e-02   5.5000000e-01
   3.0000000e-02   1.1600000e+00
   4.0000000e-02   1.5800000e+00
   5.0000000e-02   2.1300000e+00
   6.0000000e-02   2.4400000e+00
   7.0000000e-02   3.9000000e+00
   8.0000000e-02   2.3800000e+00
   9.0000000e-02   2.4400000e+00
   1.0000000e-01  -2.0200000e+00
   1.1000000e-01   1.4000000e+00
   1.2000000e-01   4.2000000e-01
   1.3000000e-01  -3.7000000e-01
   1.4000000e-01  -2.9900000e+00
   1.5000000e-01  -2.0200000e+00
   1.6000000e-01  -1.4100000e+00
   1.7000000e-01  -1.8300000e+00
   1.8000000e-01  -2.0800000e+00
   1.9000000e-01  -1.4700000e+00
   2.0000000e-01  -2.6900000e+00
   2.1000000e-01  -3.1800000e+00
   2.2000000e-01  -7.0200000e+00
   2.3000000e-01  -7.1400000e+00
   2.4000000e-01  -1.1910000e+01
   2.5000000e-01  -8.6100000e+00
   2.6000000e-01  -3.7300000e+00
   2.7000000e-01   6.0000000e-02
   2.8000000e-01   1.4000000e+00
   2.9000000e-01   4.4500000e+00
   3.0000000e-01   1.4000000e+00
   3.1000000e-01   1.5200000e+00
   3.2000000e-01  -6.0000000e-02
   3.3000000e-01   7.9000000e-01
   3.4000000e-01  -7.4000000e-01
   3.4000000e-01  -7.4000000e-01
   3.5000000e-01   6.1000000e-01
   3.6000000e-01  -3.1000000e-01
   3.7000000e-01   1.3400000e+00
   3.8000000e-01   4.2000000e-01
   3.9000000e-01  -0.0000000e+00
   4.0000000e-01  -3.7000000e-01
   4.1000000e-01  -1.2900000e+00
   4.2000000e-01  -1.1600000e+00
   4.3000000e-01  -1.2200000e+00
   4.4000000e-01  -6.1000000e-01
   4.5000000e-01  -3.7000000e-01
   4.6000000e-01  -3.7000000e-01
   4.7000000e-01  -6.1000000e-01
   4.8000000e-01  -1.1000000e+00
   4.9000000e-01  -1.2200000e+00
   5.0000000e-01  -1.7700000e+00
   5.1000000e-01  -1.5900000e+00
   5.2000000e-01  -1.5300000e+00
   5.3000000e-01  -1.1600000e+00
   5.4000000e-01  -9.8000000e-01
   5.5000000e-01  -1.5900000e+00
   5.6000000e-01  -1.4700000e+00
   5.7000000e-01  -1.7700000e+00
   5.8000000e-01  -2.3800000e+00
   5.9000000e-01  -2.3800000e+00
   6.0000000e-01  -2.0200000e+00
   6.1000000e-01  -1.7700000e+00
   6.2000000e-01  -1.7100000e+00
   6.3000000e-01  -1.3500000e+00
   6.4000000e-01  -1.4100000e+00
   6.5000000e-01  -2.5100000e+00
   6.6000000e-01  -2.8700000e+00
   6.6000000e-01  -2.8700000e+00
   6.7000000e-01  -3.3600000e+00
   6.8000000e-01  -2.9900000e+00
   6.9000000e-01  -3.1200000e+00
   7.0000000e-01  -2.6900000e+00
   7.1000000e-01  -2.2600000e+00
   7.2000000e-01  -2.6300000e+00
   7.3000000e-01  -2.8700000e+00
   7.4000000e-01  -3.8500000e+00
   7.5000000e-01  -4.5200000e+00
   7.6000000e-01  -3.9100000e+00
   7.7000000e-01  -3.7300000e+00
   7.8000000e-01  -3.5400000e+00
   7.9000000e-01  -3.3600000e+00
   8.0000000e-01  -3.6700000e+00
   8.1000000e-01  -3.7300000e+00
   8.2000000e-01  -4.4000000e+00
   8.3000000e-01  -4.6400000e+00
   8.4000000e-01  -4.7000000e+00
   8.5000000e-01  -4.7000000e+00
   8.6000000e-01  -4.3400000e+00
   8.7000000e-01  -4.1500000e+00
   8.8000000e-01  -4.3400000e+00
   8.8000000e-01  -4.3400000e+00
   8.8000000e-01  -4.3400000e+00
   8.9000000e-01  -4.3400000e+00
   9.0000000e-01  -5.1300000e+00
   9.1000000e-01  -5.4400000e+00
   9.2000000e-01  -5.7400000e+00
   9.3000000e-01  -5.7400000e+00
   9.4000000e-01  -5.3700000e+00
   9.5000000e-01  -5.2500000e+00
   9.6000000e-01  -5.5000000e+00
   9.7000000e-01  -5.6200000e+00
   9.8000000e-01  -6.1700000e+00
   9.8000000e-01  -6.1700000e+00
   9.9000000e-01  -6.5300000e+00
   1.0000000e+00  -6.7200000e+00
   1.0100000e+00  -6.7200000e+00
   1.0200000e+00  -6.4700000e+00
   1.0300000e+00  -6.4700000e+00
   1.0400000e+00  -6.4100000e+00
   1.0500000e+00  -6.9600000e+00
   1.0600000e+00  -7.2100000e+00
   1.0700000e+00  -7.6300000e+00
   1.0800000e+00  -8.0000000e+00
   1.0900000e+00  -7.8200000e+00
   1.1000000e+00  -7.6300000e+00
   1.1100000e+00  -7.7600000e+00
   1.1200000e+00  -7.8200000e+00
   1.1300000e+00  -8.3700000e+00
   1.1400000e+00  -8.4900000e+00
   1.1500000e+00  -8.4900000e+00
   1.1600000e+00  -9.2200000e+00
   1.1700000e+00  -8.6100000e+00
   1.1800000e+00  -9.1600000e+00
   1.1900000e+00  -9.1600000e+00
   1.2000000e+00  -9.2200000e+00
   1.2100000e+00  -9.5300000e+00
   1.2200000e+00  -9.7100000e+00
   1.2300000e+00  -1.0010000e+01
   1.2400000e+00  -1.0200000e+01
   1.2500000e+00  -1.0620000e+01
   1.2600000e+00  -1.0620000e+01
   1.2700000e+00  -1.0750000e+01
   1.2800000e+00  -1.0990000e+01
   1.2900000e+00  -1.0930000e+01
   1.3000000e+00  -1.1420000e+01
   1.3000000e+00  -1.1420000e+01
   1.3100000e+00  -1.1840000e+01
   1.3200000e+00  -1.2210000e+01
   1.3300000e+00  -1.2150000e+01
   1.3400000e+00  -1.2030000e+01
   1.3500000e+00  -1.2270000e+01
   1.3600000e+00  -1.2640000e+01
   1.3700000e+00  -1.2390000e+01
   1.3800000e+00  -1.2820000e+01
   1.3900000e+00  -1.2940000e+01
   1.4000000e+00  -1.3430000e+01
   1.4100000e+00  -1.3680000e+01
   1.4200000e+00  -1.3550000e+01
   1.4300000e+00  -1.3550000e+01
   1.4400000e+00  -1.3610000e+01
   1.4500000e+00  -1.3490000e+01
   1.4600000e+00  -1.3920000e+01
   1.4700000e+00  -1.3980000e+01
   1.4800000e+00  -1.4160000e+01
   1.4900000e+00  -1.4530000e+01
   1.5000000e+00  -1.4410000e+01
   1.5100000e+00  -1.4590000e+01
   1.5200000e+00  -1.4160000e+01
   1.5300000e+00  -1.3980000e+01
   1.5400000e+00  -1.4100000e+01
   1.5500000e+00  -1.4350000e+01
   1.5600000e+00  -1.4530000e+01
   1.5700000e+00  -1.4290000e+01
   1.5800000e+00  -1.4290000e+01
   1.5900000e+00  -1.3920000e+01
   1.6000000e+00  -1.3920000e+01
   1.6100000e+00  -1.3550000e+01
   1.6200000e+00  -1.3800000e+01
   1.6200000e+00  -1.3800000e+01
   1.6300000e+00  -1.3860000e+01
   1.6400000e+00  -1.3920000e+01
   1.6500000e+00  -1.3980000e+01
   1.6600000e+00  -1.3430000e+01
   1.6700000e+00  -1.3000000e+01
   1.6800000e+00  -1.2940000e+01
   1.6900000e+00  -1.2580000e+01
   1.7000000e+00  -1.2880000e+01
   1.7100000e+00  -1.3130000e+01
   1.7200000e+00  -1.2820000e+01
   1.7300000e+00  -1.2450000e+01
   1.7400000e+00  -1.2150000e+01
   1.7500000e+00  -1.1780000e+01
   1.7600000e+00  -1.1480000e+01
   1.7700000e+00  -1.1360000e+01
   1.7800000e+00  -1.1230000e+01
   1.7900000e+00  -1.1050000e+01
   1.8000000e+00  -1.1360000e+01
   1.8100000e+00  -1.0990000e+01
   1.8200000e+00  -1.0620000e+01
   1.8300000e+00  -1.0440000e+01
   1.8400000e+00  -1.0010000e+01
   1.8500000e+00  -9.6500000e+00
   1.8600000e+00  -9.8900000e+00
   1.8700000e+00  -9.5300000e+00
   1.8800000e+00  -9.8300000e+00
   1.8800000e+00  -9.8300000e+00
   1.8800000e+00  -9.8300000e+00
   1.8900000e+00  -9.8300000e+00
   1.9000000e+00  -9.2800000e+00
   1.9100000e+00  -9.4000000e+00
   1.9200000e+00  -9.3400000e+00
   1.9300000e+00  -9.6500000e+00
   1.9400000e+00  -9.4600000e+00
   1.9400000e+00  -9.4600000e+00
   1.9500000e+00  -9.2800000e+00
   1.9600000e+00  -1.0140000e+01
   1.9700000e+00  -9.9500000e+00
   1.9800000e+00  -1.0140000e+01
   1.9900000e+00  -1.0560000e+01
   2.0000000e+00  -1.0070000e+01
   2.0100000e+00  -1.0440000e+01
   2.0200000e+00  -1.0930000e+01
   2.0300000e+00  -1.1110000e+01
   2.0400000e+00  -1.2150000e+01
   2.0500000e+00  -1.2270000e+01
   2.0600000e+00  -1.2820000e+01
   2.0700000e+00  -1.3370000e+01
   2.0800000e+00  -1.3070000e+01
   2.0900000e+00  -1.3680000e+01
   2.1000000e+00  -1.3860000e+01
   2.1100000e+00  -1.4100000e+01
   2.1200000e+00  -1.4770000e+01
   2.1300000e+00  -1.5200000e+01
   2.1400000e+00  -1.5750000e+01
   2.1500000e+00  -1.5870000e+01
   2.1600000e+00  -1.5930000e+01
   2.1700000e+00  -1.5810000e+01
   2.1800000e+00  -1.6240000e+01
   2.1900000e+00  -1.6180000e+01
   2.2000000e+00  -1.6420000e+01
   2.2100000e+00  -1.6000000e+01
   2.2200000e+00  -1.6000000e+01
   2.2300000e+00  -1.6300000e+01
   2.2400000e+00  -1.6060000e+01
   2.2500000e+00  -1.5690000e+01
   2.2600000e+00  -1.5750000e+01
   2.2600000e+00  -1.5750000e+01
   2.2700000e+00  -1.5510000e+01
   2.2800000e+00  -1.5810000e+01
   2.2900000e+00  -1.5450000e+01
   2.3000000e+00  -1.5630000e+01
   2.3100000e+00  -1.4840000e+01
   2.3200000e+00  -1.4410000e+01
   2.3300000e+00  -1.4650000e+01
   2.3400000e+00  -1.3860000e+01
   2.3500000e+00  -1.4960000e+01
   2.3600000e+00  -1.4410000e+01
   2.3700000e+00  -1.3740000e+01
   2.3800000e+00  -1.4290000e+01
   2.3900000e+00  -1.3860000e+01
   2.4000000e+00  -1.4100000e+01
   2.4100000e+00  -1.4230000e+01
   2.4200000e+00  -1.3740000e+01
   2.4300000e+00  -1.4100000e+01
   2.4400000e+00  -1.3610000e+01
   2.4500000e+00  -1.4160000e+01
   2.4600000e+00  -1.3680000e+01
   2.4700000e+00  -1.3920000e+01
   2.4800000e+00  -1.4350000e+01
   2.4900000e+00  -1.4590000e+01
   2.5000000e+00  -1.4650000e+01
   2.5100000e+00  -1.5870000e+01
   2.5200000e+00  -1.6060000e+01
   2.5300000e+00  -1.6060000e+01
   2.5400000e+00  -1.6850000e+01
   2.5500000e+00  -1.6480000e+01
   2.5600000e+00  -1.7580000e+01
   2.5700000e+00  -1.8070000e+01
   2.5800000e+00  -1.8380000e+01
   2.5800000e+00  -1.8380000e+01
   2.5900000e+00  -1.9230000e+01
   2.6000000e+00  -1.9050000e+01
   2.6100000e+00  -1.9470000e+01
   2.6200000e+00  -2.0210000e+01
   2.6300000e+00  -2.0450000e+01
   2.6400000e+00  -2.1430000e+01
   2.6500000e+00  -2.1490000e+01
   2.6600000e+00  -2.2400000e+01
   2.6700000e+00  -2.2280000e+01
   2.6800000e+00  -2.2710000e+01
   2.6900000e+00  -2.3560000e+01
   2.7000000e+00  -2.3620000e+01
   2.7100000e+00  -2.4230000e+01
   2.7200000e+00  -2.4720000e+01
   2.7300000e+00  -2.4720000e+01
   2.7400000e+00  -2.5520000e+01
   2.7500000e+00  -2.5580000e+01
   2.7600000e+00  -2.5640000e+01
   2.7700000e+00  -2.5700000e+01
   2.7800000e+00  -2.5520000e+01
   2.7900000e+00  -2.5820000e+01
   2.8000000e+00  -2.6190000e+01
   2.8100000e+00  -2.6490000e+01
   2.8200000e+00  -2.6550000e+01
   2.8300000e+00  -2.6680000e+01
   2.8400000e+00  -2.7040000e+01
   2.8500000e+00  -2.7230000e+01
   2.8600000e+00  -2.6370000e+01
   2.8700000e+00  -2.6680000e+01
   2.8800000e+00  -2.6430000e+01
   2.8800000e+00  -2.6430000e+01
   2.8800000e+00  -2.6430000e+01
   2.8900000e+00  -2.6310000e+01
   2.9000000e+00  -2.6920000e+01
   2.9000000e+00  -2.6920000e+01
   2.9100000e+00  -2.6550000e+01
   2.9200000e+00  -2.6740000e+01
   2.9300000e+00  -2.6310000e+01
   2.9400000e+00  -2.6490000e+01
   2.9500000e+00  -2.5940000e+01
   2.9600000e+00  -2.6250000e+01
   2.9700000e+00  -2.7100000e+01
   2.9800000e+00  -2.7290000e+01
   2.9900000e+00  -2.7710000e+01
   3.0000000e+00  -2.8140000e+01
   3.0100000e+00  -2.8140000e+01
   3.0200000e+00  -2.8930000e+01
   3.0300000e+00  -2.9120000e+01
   3.0400000e+00  -2.9540000e+01
   3.0500000e+00  -3.0580000e+01
   3.0600000e+00  -3.1500000e+01
   3.0700000e+00  -3.1560000e+01
   3.0800000e+00  -3.2780000e+01
   3.0900000e+00  -3.3330000e+01
   3.1000000e+00  -3.3330000e+01
   3.1100000e+00  -3.4980000e+01
   3.1200000e+00  -3.5220000e+01
   3.1300000e+00  -3.5650000e+01
   3.1400000e+00  -3.6380000e+01
   3.1500000e+00  -3.6140000e+01
   3.1600000e+00  -3.7050000e+01
   3.1700000e+00  -3.6990000e+01
   3.1800000e+00  -3.7540000e+01
   3.1900000e+00  -3.7420000e+01
   3.2000000e+00  -3.7360000e+01
   3.2100000e+00  -3.7850000e+01
   3.2200000e+00  -3.7910000e+01
   3.2200000e+00  -3.7910000e+01
   3.2300000e+00  -3.7170000e+01
   3.2400000e+00  -3.7170000e+01
   3.2500000e+00  -3.7050000e+01
   3.2600000e+00  -3.8030000e+01
   3.2700000e+00  -3.7540000e+01
   3.2800000e+00  -3.6620000e+01
   3.2900000e+00  -3.7050000e+01
   3.3000000e+00  -3.7240000e+01
   3.3100000e+00  -3.7300000e+01
   3.3200000e+00  -3.8330000e+01
   3.3300000e+00  -3.8330000e+01
   3.3400000e+00  -3.8700000e+01
   3.3500000e+00  -3.9130000e+01
   3.3600000e+00  -3.9490000e+01
   3.3700000e+00  -3.9740000e+01
   3.3800000e+00  -4.0840000e+01
   3.3900000e+00  -4.1200000e+01
   3.4000000e+00  -4.2420000e+01
   3.4100000e+00  -4.2790000e+01
   3.4200000e+00  -4.3580000e+01
   3.4300000e+00  -4.4010000e+01
   3.4400000e+00  -4.5350000e+01
   3.4500000e+00  -4.4560000e+01
   3.4600000e+00  -4.4560000e+01
   3.4700000e+00  -4.4500000e+01
   3.4800000e+00  -4.4990000e+01
   3.4900000e+00  -4.5410000e+01
   3.5000000e+00  -4.5230000e+01
   3.5100000e+00  -4.5540000e+01
   3.5200000e+00  -4.5410000e+01
   3.5300000e+00  -4.6390000e+01
   3.5400000e+00  -4.5780000e+01
   3.5400000e+00  -4.5780000e+01
   3.5500000e+00  -4.6630000e+01
   3.5600000e+00  -4.6630000e+01
   3.5700000e+00  -4.8160000e+01
   3.5800000e+00  -4.7980000e+01
   3.5900000e+00  -4.9140000e+01
   3.6000000e+00  -4.7730000e+01
   3.6100000e+00  -4.4860000e+01
   3.6200000e+00  -4.2610000e+01
   3.6300000e+00  -4.0410000e+01
   3.6400000e+00  -3.9010000e+01
   3.6500000e+00  -3.8090000e+01
   3.6600000e+00  -3.8030000e+01
   3.6700000e+00  -3.8700000e+01
   3.6800000e+00  -3.6810000e+01
   3.6900000e+00  -3.5770000e+01
   3.7000000e+00  -3.4000000e+01
   3.7100000e+00  -3.2050000e+01
   3.7200000e+00  -3.0580000e+01
   3.7300000e+00  -3.0340000e+01
   3.7400000e+00  -3.0280000e+01
   3.7500000e+00  -2.9850000e+01
   3.7600000e+00  -3.0090000e+01
   3.7700000e+00  -2.9300000e+01
   3.7800000e+00  -2.9240000e+01
   3.7900000e+00  -2.8930000e+01
   3.8000000e+00  -2.9540000e+01
   3.8100000e+00  -3.0460000e+01
   3.8200000e+00  -3.1010000e+01
   3.8300000e+00  -3.3210000e+01
   3.8400000e+00  -3.5040000e+01
   3.8500000e+00  -3.5950000e+01
   3.8600000e+00  -3.8580000e+01
   3.8600000e+00  -3.8580000e+01
   3.8700000e+00  -4.1510000e+01
   3.8800000e+00  -4.3890000e+01
   3.8800000e+00  -4.3890000e+01
   3.8800000e+00  -4.3890000e+01
   3.8900000e+00  -4.6570000e+01
   3.9000000e+00  -5.0790000e+01
   3.9100000e+00  -5.4080000e+01
   3.9200000e+00  -5.8960000e+01
   3.9300000e+00  -6.2810000e+01
   3.9400000e+00  -6.6530000e+01
   3.9500000e+00  -7.0190000e+01
   3.9600000e+00  -7.3370000e+01
   3.9700000e+00  -7.5690000e+01
   3.9800000e+00  -7.8800000e+01
   3.9900000e+00  -8.0940000e+01
   4.0000000e+00  -8.3320000e+01
   4.0100000e+00  -8.4540000e+01
   4.0200000e+00  -8.8200000e+01
   4.0300000e+00  -8.8690000e+01
   4.0400000e+00  -9.2040000e+01
   4.0500000e+00  -9.6070000e+01
   4.0600000e+00  -9.8640000e+01
   4.0700000e+00  -1.0596000e+02
   4.0800000e+00  -1.0968000e+02
   4.0900000e+00  -1.1213000e+02
   4.1000000e+00  -1.2232000e+02
   4.1100000e+00  -1.3129000e+02
   4.1200000e+00  -1.4386000e+02
   4.1300000e+00  -1.5802000e+02
   4.1400000e+00  -1.6809000e+02
   4.1500000e+00  -1.9257000e+02
   4.1600000e+00  -1.9501000e+02
   4.1700000e+00  -2.3426000e+02
   4.1800000e+00  -2.3383000e+02
   4.1800000e+00  -2.3383000e+02
   4.1900000e+00  -2.1570000e+02
   4.2000000e+00  -2.0581000e+02
   4.2100000e+00  -1.9190000e+02
   4.2200000e+00  -1.9434000e+02
   4.2300000e+00  -1.3495000e+02
   4.2400000e+00  -1.2256000e+02
   4.2500000e+00  -5.1880000e+01
   4.2600000e+00  -1.0999000e+02
   4.2700000e+00  -1.5357000e+02
   4.2800000e+00  -1.4289000e+02
   4.2900000e+00  -2.2809000e+02
   4.3000000e+00  -4.1016000e+02
   4.3100000e+00  -5.4865000e+02
   4.3200000e+00  -4.9982000e+02
   4.3300000e+00  -3.7055000e+02
   4.3400000e+00  -4.1706000e+02
   4.3500000e+00  -2.7124000e+02
   4.3600000e+00  -2.9718000e+02
   4.3700000e+00  -2.7777000e+02
   4.3800000e+00  -2.9859000e+02
   4.3900000e+00  -4.0754000e+02
   4.4000000e+00  -5.1679000e+02
   4.4100000e+00  -6.4545000e+02
   4.4100000e+00  -6.4545000e+02
   4.4200000e+00  -5.6116000e+02
   4.4300000e+00  -5.6281000e+02
   4.4400000e+00  -5.4767000e+02
   4.4500000e+00  -4.3677000e+02
