  -3.0000000e-01   1.8700000e+00
  -2.9000000e-01   2.9000000e-01
  -2.8000000e-01   3.5000000e-01
  -2.7000000e-01  -3.2000000e-01
  -2.6000000e-01  -5.7000000e-01
  -2.5000000e-01  -1.1200000e+00
  -2.4000000e-01  -1.2400000e+00
  -2.3000000e-01  -4.5000000e-01
  -2.2000000e-01  -3.8000000e-01
  -2.1000000e-01   4.1000000e-01
  -2.0000000e-01   1.2000000e+00
  -1.9000000e-01   2.9000000e-01
  -1.8000000e-01   9.0000000e-01
  -1.7000000e-01   7.8000000e-01
  -1.6000000e-01  -4.5000000e-01
  -1.5000000e-01  -3.8000000e-01
  -1.4000000e-01  -1.4000000e-01
  -1.3000000e-01  -1.2400000e+00
  -1.2000000e-01   1.7000000e-01
  -1.1000000e-01   4.1000000e-01
  -1.0000000e-01  -1.7900000e+00
  -9.0000000e-02  -2.0300000e+00
  -8.0000000e-02  -3.0100000e+00
  -7.0000000e-02  -2.4000000e+00
  -6.0000000e-02   1.0050000e+01
  -5.0000000e-02  -1.2710000e+01
  -4.0000000e-02   8.4700000e+00
  -3.0000000e-02  -1.2840000e+01
  -2.0000000e-02   3.7100000e+00
  -1.0000000e-02  -8.2000000e+00
   0.0000000e+00  -4.8400000e+00
   0.0000000e+00  -4.8400000e+00
   0.0000000e+00  -4.8400000e+00
   0.0000000e+00  -4.8400000e+00
   0.0000000e+00  -4.8400000e+00
   0.0000000e+00  -4.8400000e+00
   0.0000000e+00  -4.8400000e+00
   0.0000000e+00  -4.8400000e+00
   0.0000000e+00  -4.8400000e+00
   0.0000000e+00  -4.8400000e+00
   0.0000000e+00  -4.8400000e+00
   0.0000000e+00  -4.8400000e+00
   0.0000000e+00  -4.8400000e+00
   0.0000000e+00  -4.8400000e+00
   0.0000000e+00  -4.8400000e+00
   0.0000000e+00  -4.8400000e+00
   0.0000000e+00  -4.8400000e+00
   0.0000000e+00  -4.8400000e+00
   0.0000000e+00  -4.8400000e+00
   0.0000000e+00  -4.8400000e+00
   0.0000000e+00  -4.8400000e+00
   0.0000000e+00  -4.8400000e+00
   0.0000000e+00  -4.8400000e+00
   0.0000000e+00  -4.8400000e+00
   0.0000000e+00  -4.8400000e+00
   0.0000000e+00  -4.8400000e+00
   0.0000000e+00  -4.8400000e+00
   0.0000000e+00  -4.8400000e+00
   0.0000000e+00  -4.8400000e+00
   0.0000000e+00  -4.8400000e+00
   0.0000000e+00  -4.8400000e+00
   0.0000000e+00  -4.8400000e+00
   0.0000000e+00  -4.8400000e+00
   0.0000000e+00  -4.8400000e+00
   0.0000000e+00  -4.8400000e+00
   0.0000000e+00  -4.8400000e+00
   0.0000000e+00  -4.8400000e+00
   1.0000000e-02  -6.1800000e+00
   1.0000000e-02  -6.1800000e+00
   2.0000000e-02  -3.1760000e+01
   2.0000000e-02  -3.1760000e+01
   3.0000000e-02  -6.4900000e+00
   4.0000000e-02  -2.2200000e+00
   5.0000000e-02  -2.1140000e+01
   6.0000000e-02  -1.9610000e+01
   7.0000000e-02   5.6600000e+00
   8.0000000e-02   5.1100000e+00
   9.0000000e-02  -1.6500000e+01
   1.0000000e-01  -3.7490000e+01
   1.1000000e-01   4.6800000e+00
   1.2000000e-01  -2.2200000e+00
   1.3000000e-01  -8.0100000e+00
   1.4000000e-01  -2.3150000e+01
   1.5000000e-01  -1.6070000e+01
   1.6000000e-01  -4.2900000e+00
   1.7000000e-01  -2.5290000e+01
   1.8000000e-01  -2.6140000e+01
   1.9000000e-01  -2.3210000e+01
   2.0000000e-01  -3.0170000e+01
   2.1000000e-01  -1.2470000e+01
   2.2000000e-01   2.9000000e-01
   2.3000000e-01   3.3400000e+00
   2.4000000e-01   8.2200000e+00
   2.5000000e-01   1.8050000e+01
   2.6000000e-01   1.7930000e+01
   2.7000000e-01   4.3320000e+01
   2.8000000e-01   2.6110000e+01
   2.9000000e-01   1.8720000e+01
   3.0000000e-01   2.2810000e+01
   3.1000000e-01  -1.1070000e+01
   3.2000000e-01  -3.1900000e+00
   3.3000000e-01  -1.8940000e+01
   3.4000000e-01  -1.3870000e+01
   3.4000000e-01  -1.3870000e+01
   3.5000000e-01  -2.7420000e+01
   3.6000000e-01  -2.3880000e+01
   3.7000000e-01  -1.8820000e+01
   3.8000000e-01  -1.7600000e+01
   3.9000000e-01  -1.7350000e+01
   4.0000000e-01  -1.5460000e+01
   4.1000000e-01  -1.8820000e+01
   4.2000000e-01  -1.9610000e+01
   4.3000000e-01  -2.0950000e+01
   4.4000000e-01  -1.9980000e+01
   4.5000000e-01  -1.9430000e+01
   4.6000000e-01  -1.8390000e+01
   4.7000000e-01  -1.7720000e+01
   4.8000000e-01  -1.8210000e+01
   4.9000000e-01  -1.8150000e+01
   5.0000000e-01  -1.9300000e+01
   5.1000000e-01  -1.9490000e+01
   5.2000000e-01  -1.9550000e+01
   5.3000000e-01  -1.9180000e+01
   5.4000000e-01  -1.8150000e+01
   5.5000000e-01  -1.7290000e+01
   5.6000000e-01  -1.7410000e+01
   5.7000000e-01  -1.7960000e+01
   5.8000000e-01  -1.8330000e+01
   5.9000000e-01  -1.8760000e+01
   6.0000000e-01  -1.8570000e+01
   6.1000000e-01  -1.7900000e+01
   6.2000000e-01  -1.8150000e+01
   6.3000000e-01  -1.6070000e+01
   6.4000000e-01  -1.5640000e+01
   6.5000000e-01  -1.8510000e+01
   6.6000000e-01  -1.7600000e+01
   6.6000000e-01  -1.7600000e+01
   6.7000000e-01  -1.7470000e+01
   6.8000000e-01  -1.7960000e+01
   6.9000000e-01  -1.7230000e+01
   7.0000000e-01  -1.6440000e+01
   7.1000000e-01  -1.7110000e+01
   7.2000000e-01  -1.6310000e+01
   7.3000000e-01  -1.6380000e+01
   7.4000000e-01  -1.7230000e+01
   7.5000000e-01  -1.8020000e+01
   7.6000000e-01  -1.7720000e+01
   7.7000000e-01  -1.6620000e+01
   7.8000000e-01  -1.7170000e+01
   7.9000000e-01  -1.6740000e+01
   8.0000000e-01  -1.6620000e+01
   8.1000000e-01  -1.7530000e+01
   8.2000000e-01  -1.7960000e+01
   8.3000000e-01  -1.7840000e+01
   8.4000000e-01  -1.8020000e+01
   8.5000000e-01  -1.8270000e+01
   8.6000000e-01  -1.8080000e+01
   8.7000000e-01  -1.7960000e+01
   8.8000000e-01  -1.8630000e+01
   8.8000000e-01  -1.8630000e+01
   8.8000000e-01  -1.8630000e+01
   8.9000000e-01  -1.9240000e+01
   9.0000000e-01  -1.9300000e+01
   9.1000000e-01  -1.9920000e+01
   9.2000000e-01  -2.0280000e+01
   9.3000000e-01  -2.0160000e+01
   9.4000000e-01  -2.0160000e+01
   9.5000000e-01  -2.0220000e+01
   9.6000000e-01  -2.0530000e+01
   9.7000000e-01  -2.0650000e+01
   9.8000000e-01  -2.2110000e+01
   9.8000000e-01  -2.2110000e+01
   9.9000000e-01  -2.2360000e+01
   1.0000000e+00  -2.2840000e+01
   1.0100000e+00  -2.3270000e+01
   1.0200000e+00  -2.3270000e+01
   1.0300000e+00  -2.3880000e+01
   1.0400000e+00  -2.4310000e+01
   1.0500000e+00  -2.5960000e+01
   1.0600000e+00  -2.6200000e+01
   1.0700000e+00  -2.7480000e+01
   1.0800000e+00  -2.8520000e+01
   1.0900000e+00  -2.8830000e+01
   1.1000000e+00  -2.9310000e+01
   1.1100000e+00  -2.9990000e+01
   1.1200000e+00  -3.0900000e+01
   1.1300000e+00  -3.1880000e+01
   1.1400000e+00  -3.3220000e+01
   1.1500000e+00  -3.4750000e+01
   1.1600000e+00  -3.5910000e+01
   1.1700000e+00  -3.6520000e+01
   1.1800000e+00  -3.7860000e+01
   1.1900000e+00  -3.8840000e+01
   1.2000000e+00  -4.0180000e+01
   1.2100000e+00  -4.1520000e+01
   1.2200000e+00  -4.3170000e+01
   1.2300000e+00  -4.4820000e+01
   1.2400000e+00  -4.6280000e+01
   1.2500000e+00  -4.7080000e+01
   1.2600000e+00  -4.8660000e+01
   1.2700000e+00  -5.0010000e+01
   1.2800000e+00  -5.2200000e+01
   1.2900000e+00  -5.3420000e+01
   1.3000000e+00  -5.5440000e+01
   1.3000000e+00  -5.5440000e+01
   1.3100000e+00  -5.6350000e+01
   1.3200000e+00  -5.7450000e+01
   1.3300000e+00  -5.8250000e+01
   1.3400000e+00  -5.8860000e+01
   1.3500000e+00  -5.8920000e+01
   1.3600000e+00  -5.8610000e+01
   1.3700000e+00  -5.9220000e+01
   1.3800000e+00  -5.9400000e+01
   1.3900000e+00  -6.0320000e+01
   1.4000000e+00  -6.0560000e+01
   1.4100000e+00  -5.9400000e+01
   1.4200000e+00  -5.8610000e+01
   1.4300000e+00  -5.7020000e+01
   1.4400000e+00  -5.6050000e+01
   1.4500000e+00  -5.4950000e+01
   1.4600000e+00  -5.3850000e+01
   1.4700000e+00  -5.0370000e+01
   1.4800000e+00  -4.8720000e+01
   1.4900000e+00  -4.6710000e+01
   1.5000000e+00  -4.4270000e+01
   1.5100000e+00  -4.2500000e+01
   1.5200000e+00  -4.0120000e+01
   1.5300000e+00  -3.8530000e+01
   1.5400000e+00  -3.6580000e+01
   1.5500000e+00  -3.4320000e+01
   1.5600000e+00  -3.2000000e+01
   1.5700000e+00  -2.9310000e+01
   1.5800000e+00  -2.6080000e+01
   1.5900000e+00  -2.2780000e+01
   1.6000000e+00  -1.9610000e+01
   1.6100000e+00  -1.6440000e+01
   1.6200000e+00  -1.4120000e+01
   1.6200000e+00  -1.4120000e+01
   1.6300000e+00  -1.0270000e+01
   1.6400000e+00  -5.2700000e+00
   1.6500000e+00  -2.4000000e+00
   1.6600000e+00   1.8100000e+00
   1.6700000e+00   5.9000000e+00
   1.6800000e+00   8.7100000e+00
   1.6900000e+00   1.1400000e+01
   1.7000000e+00   1.6830000e+01
   1.7100000e+00   2.0370000e+01
   1.7200000e+00   2.4640000e+01
   1.7300000e+00   2.9280000e+01
   1.7400000e+00   3.6180000e+01
   1.7500000e+00   4.0270000e+01
   1.7600000e+00   4.6490000e+01
   1.7700000e+00   4.9480000e+01
   1.7800000e+00   5.3750000e+01
   1.7900000e+00   5.7480000e+01
   1.8000000e+00   6.3090000e+01
   1.8100000e+00   6.8710000e+01
   1.8200000e+00   7.2430000e+01
   1.8300000e+00   7.7370000e+01
   1.8400000e+00   8.2070000e+01
   1.8500000e+00   8.6470000e+01
   1.8600000e+00   8.9090000e+01
   1.8700000e+00   9.1350000e+01
   1.8800000e+00   9.4830000e+01
   1.8800000e+00   9.4830000e+01
   1.8800000e+00   9.4830000e+01
   1.8900000e+00   9.7270000e+01
   1.9000000e+00   9.8740000e+01
   1.9100000e+00   9.9290000e+01
   1.9200000e+00   9.7330000e+01
   1.9300000e+00   9.7270000e+01
   1.9400000e+00   9.7580000e+01
   1.9400000e+00   9.7580000e+01
   1.9500000e+00   9.5380000e+01
   1.9600000e+00   9.1600000e+01
   1.9700000e+00   9.1110000e+01
   1.9800000e+00   8.7810000e+01
   1.9900000e+00   8.3360000e+01
   2.0000000e+00   7.9080000e+01
   2.0100000e+00   7.4510000e+01
   2.0200000e+00   6.8950000e+01
   2.0300000e+00   6.2360000e+01
   2.0400000e+00   5.7170000e+01
   2.0500000e+00   5.1370000e+01
   2.0600000e+00   4.2710000e+01
   2.0700000e+00   3.8310000e+01
   2.0800000e+00   3.2390000e+01
   2.0900000e+00   2.8490000e+01
   2.1000000e+00   2.3240000e+01
   2.1100000e+00   1.9270000e+01
   2.1200000e+00   1.4020000e+01
   2.1300000e+00   8.8900000e+00
   2.1400000e+00   5.0500000e+00
   2.1500000e+00  -8.0000000e-02
   2.1600000e+00  -2.0300000e+00
   2.1700000e+00  -1.9100000e+00
   2.1800000e+00  -2.7000000e+00
   2.1900000e+00  -2.0900000e+00
   2.2000000e+00  -3.2000000e-01
   2.2100000e+00   8.4000000e-01
   2.2200000e+00   3.7700000e+00
   2.2300000e+00   9.4400000e+00
   2.2400000e+00   1.6160000e+01
   2.2500000e+00   2.1710000e+01
   2.2600000e+00   3.0130000e+01
   2.2600000e+00   3.0130000e+01
   2.2700000e+00   3.7270000e+01
   2.2800000e+00   4.5580000e+01
   2.2900000e+00   5.4240000e+01
   2.3000000e+00   5.8880000e+01
   2.3100000e+00   6.7060000e+01
   2.3200000e+00   8.0670000e+01
   2.3300000e+00   9.0190000e+01
   2.3400000e+00   9.7820000e+01
   2.3500000e+00   1.0527000e+02
   2.3600000e+00   1.1162000e+02
   2.3700000e+00   1.1906000e+02
   2.3800000e+00   1.2700000e+02
   2.3900000e+00   1.3701000e+02
   2.4000000e+00   1.4384000e+02
   2.4100000e+00   1.4995000e+02
   2.4200000e+00   1.5727000e+02
   2.4300000e+00   1.6356000e+02
   2.4400000e+00   1.7143000e+02
   2.4500000e+00   1.7888000e+02
   2.4600000e+00   1.8248000e+02
   2.4700000e+00   1.8785000e+02
   2.4800000e+00   1.9212000e+02
   2.4900000e+00   1.9700000e+02
   2.5000000e+00   1.9645000e+02
   2.5100000e+00   1.9468000e+02
   2.5200000e+00   1.9603000e+02
   2.5300000e+00   1.9499000e+02
   2.5400000e+00   1.9462000e+02
   2.5500000e+00   1.9218000e+02
   2.5600000e+00   1.9157000e+02
   2.5700000e+00   1.9072000e+02
   2.5800000e+00   1.8736000e+02
   2.5800000e+00   1.8736000e+02
   2.5900000e+00   1.8266000e+02
   2.6000000e+00   1.8046000e+02
   2.6100000e+00   1.7546000e+02
   2.6200000e+00   1.7076000e+02
   2.6300000e+00   1.6527000e+02
   2.6400000e+00   1.6246000e+02
   2.6500000e+00   1.5910000e+02
   2.6600000e+00   1.5623000e+02
   2.6700000e+00   1.5043000e+02
   2.6800000e+00   1.4604000e+02
   2.6900000e+00   1.4287000e+02
   2.7000000e+00   1.4012000e+02
   2.7100000e+00   1.3414000e+02
   2.7200000e+00   1.3066000e+02
   2.7300000e+00   1.2565000e+02
   2.7400000e+00   1.2645000e+02
   2.7500000e+00   1.2517000e+02
   2.7600000e+00   1.2681000e+02
   2.7700000e+00   1.3127000e+02
   2.7800000e+00   1.3347000e+02
   2.7900000e+00   1.3664000e+02
   2.8000000e+00   1.4134000e+02
   2.8100000e+00   1.4653000e+02
   2.8200000e+00   1.5550000e+02
   2.8300000e+00   1.5953000e+02
   2.8400000e+00   1.6429000e+02
   2.8500000e+00   1.7296000e+02
   2.8600000e+00   1.7637000e+02
   2.8700000e+00   1.8370000e+02
   2.8800000e+00   1.8821000e+02
   2.8800000e+00   1.8821000e+02
   2.8800000e+00   1.8821000e+02
   2.8900000e+00   1.9694000e+02
   2.9000000e+00   2.0463000e+02
   2.9000000e+00   2.0463000e+02
   2.9100000e+00   2.1525000e+02
   2.9200000e+00   2.2593000e+02
   2.9300000e+00   2.3210000e+02
   2.9400000e+00   2.3759000e+02
   2.9500000e+00   2.4254000e+02
   2.9600000e+00   2.4516000e+02
   2.9700000e+00   2.5053000e+02
   2.9800000e+00   2.5310000e+02
   2.9900000e+00   2.5438000e+02
   3.0000000e+00   2.5267000e+02
   3.0100000e+00   2.4785000e+02
   3.0200000e+00   2.5206000e+02
   3.0300000e+00   2.4742000e+02
   3.0400000e+00   2.4540000e+02
   3.0500000e+00   2.3649000e+02
   3.0600000e+00   2.2667000e+02
   3.0700000e+00   2.1653000e+02
   3.0800000e+00   2.0939000e+02
   3.0900000e+00   2.0164000e+02
   3.1000000e+00   1.9420000e+02
   3.1100000e+00   1.8675000e+02
   3.1200000e+00   1.7833000e+02
   3.1300000e+00   1.6563000e+02
   3.1400000e+00   1.6496000e+02
   3.1500000e+00   1.5965000e+02
   3.1600000e+00   1.5153000e+02
   3.1700000e+00   1.5056000e+02
   3.1800000e+00   1.5007000e+02
   3.1900000e+00   1.5300000e+02
   3.2000000e+00   1.5825000e+02
   3.2100000e+00   1.6099000e+02
   3.2200000e+00   1.6838000e+02
   3.2200000e+00   1.6838000e+02
   3.2300000e+00   1.7473000e+02
   3.2400000e+00   1.8876000e+02
   3.2500000e+00   1.9761000e+02
   3.2600000e+00   2.0585000e+02
   3.2700000e+00   2.1660000e+02
   3.2800000e+00   2.2404000e+02
   3.2900000e+00   2.3185000e+02
   3.3000000e+00   2.3741000e+02
   3.3100000e+00   2.4595000e+02
   3.3200000e+00   2.5017000e+02
   3.3300000e+00   2.5554000e+02
   3.3400000e+00   2.4919000e+02
   3.3500000e+00   2.4949000e+02
   3.3600000e+00   2.4138000e+02
   3.3700000e+00   2.3674000e+02
   3.3800000e+00   2.3112000e+02
   3.3900000e+00   2.2172000e+02
   3.4000000e+00   2.0897000e+02
   3.4100000e+00   1.9945000e+02
   3.4200000e+00   1.8290000e+02
   3.4300000e+00   1.8181000e+02
   3.4400000e+00   1.6099000e+02
   3.4500000e+00   1.4946000e+02
   3.4600000e+00   1.4494000e+02
   3.4700000e+00   1.4793000e+02
   3.4800000e+00   1.3835000e+02
   3.4900000e+00   1.3664000e+02
   3.5000000e+00   1.4280000e+02
   3.5100000e+00   1.5495000e+02
   3.5200000e+00   1.6289000e+02
   3.5300000e+00   1.7088000e+02
   3.5400000e+00   1.8486000e+02
   3.5400000e+00   1.8486000e+02
   3.5500000e+00   2.0451000e+02
   3.5600000e+00   2.1165000e+02
   3.5700000e+00   1.9804000e+02
   3.5800000e+00   1.8370000e+02
   3.5900000e+00   1.6569000e+02
   3.6000000e+00   1.4903000e+02
   3.6100000e+00   1.4464000e+02
   3.6200000e+00   1.3780000e+02
   3.6300000e+00   1.5165000e+02
   3.6400000e+00   1.6423000e+02
   3.6500000e+00   1.7827000e+02
   3.6600000e+00   1.9706000e+02
   3.6700000e+00   2.0384000e+02
   3.6800000e+00   2.2410000e+02
   3.6900000e+00   2.3045000e+02
   3.7000000e+00   2.4150000e+02
   3.7100000e+00   2.5310000e+02
   3.7200000e+00   2.6542000e+02
   3.7300000e+00   2.7665000e+02
   3.7400000e+00   2.8959000e+02
   3.7500000e+00   3.0626000e+02
   3.7600000e+00   3.1871000e+02
   3.7700000e+00   3.3085000e+02
   3.7800000e+00   3.4172000e+02
   3.7900000e+00   3.5570000e+02
   3.8000000e+00   3.7010000e+02
   3.8100000e+00   3.9177000e+02
   3.8200000e+00   4.0422000e+02
   3.8300000e+00   4.1935000e+02
   3.8400000e+00   4.3272000e+02
   3.8500000e+00   4.4890000e+02
   3.8600000e+00   4.5805000e+02
   3.8600000e+00   4.5805000e+02
   3.8700000e+00   4.7557000e+02
   3.8800000e+00   4.8558000e+02
   3.8800000e+00   4.8558000e+02
   3.8800000e+00   4.8558000e+02
   3.8900000e+00   5.0181000e+02
   3.9000000e+00   5.0828000e+02
   3.9100000e+00   5.1622000e+02
   3.9200000e+00   5.0761000e+02
   3.9300000e+00   4.9302000e+02
   3.9400000e+00   4.7966000e+02
   3.9500000e+00   4.6116000e+02
   3.9600000e+00   4.5006000e+02
   3.9700000e+00   4.2607000e+02
   3.9800000e+00   4.0794000e+02
   3.9900000e+00   3.8737000e+02
   4.0000000e+00   3.8127000e+02
   4.0100000e+00   3.8786000e+02
   4.0200000e+00   4.1020000e+02
   4.0300000e+00   4.4609000e+02
   4.0400000e+00   4.9687000e+02
   4.0500000e+00   5.4265000e+02
   4.0600000e+00   5.9300000e+02
   4.0700000e+00   6.4427000e+02
   4.0800000e+00   6.4628000e+02
   4.0900000e+00   6.4274000e+02
   4.1000000e+00   5.9392000e+02
   4.1100000e+00   5.4820000e+02
   4.1200000e+00   4.2149000e+02
   4.1300000e+00   2.6097000e+02
   4.1400000e+00   1.4677000e+02
   4.1500000e+00   4.9910000e+01
   4.1600000e+00  -1.4321000e+02
   4.1700000e+00  -3.8191000e+02
   4.1800000e+00  -4.4857000e+02
   4.1800000e+00  -4.4857000e+02
   4.1900000e+00  -3.5201000e+02
   4.2000000e+00  -1.4028000e+02
   4.2100000e+00   2.0164000e+02
   4.2200000e+00   4.4017000e+02
   4.2300000e+00   6.0685000e+02
   4.2400000e+00   8.5026000e+02
   4.2500000e+00   1.0344700e+03
   4.2600000e+00   9.7185000e+02
   4.2700000e+00   8.1120000e+02
   4.2800000e+00   6.4946000e+02
   4.2900000e+00   2.8093000e+02
   4.3000000e+00  -1.9771000e+02
   4.3100000e+00  -6.2624000e+02
   4.3200000e+00  -5.1760000e+02
   4.3300000e+00   4.4290000e+01
   4.3400000e+00  -4.0303000e+02
   4.3500000e+00   5.3734000e+02
   4.3600000e+00   8.0754000e+02
   4.3700000e+00   7.5096000e+02
   4.3800000e+00   3.6265000e+02
   4.3900000e+00  -1.5303000e+02
   4.4000000e+00  -6.5163000e+02
   4.4100000e+00  -8.1356000e+02
   4.4100000e+00  -8.1356000e+02
   4.4200000e+00  -3.2485000e+02
   4.4300000e+00   2.4418000e+02
   4.4400000e+00   6.4457000e+02
   4.4500000e+00   8.8310000e+02
